11,11
11,10
11,9
11,8
11,7
11,6
11,5
11,4
11,3
11,2
11,1
11,0
10,10
10,9
10,8
10,7
10,6
10,5
10,4
10,3
10,2
10,1
10,0
9,6
9,5
9,4
9,3
9,2
9,1
9,0
8,5
8,4
8,3
8,2
8,1
8,0
7,8
7,7
7,6
7,5
7,4
7,3
7,2
7,1
7,0
6,4
6,3
6,2
6,1
6,0
5,6
5,5
5,4
5,3
5,2
5,1
5,0
4,3
4,2
4,1
4,0
3,6
3,5
3,4
3,3
3,2
3,1
3,0
2,12
2,11
2,10
2,9
2,8
2,7
2,6
2,5
2,2
1,2
0,410
0,361
0,322
0,243
60,5
60,1
60,3
0,415
60,0
66,1
66,3
66,0
67,1
67,3
0,443
0,441
67,0
1,1
1,3
1,0
2,1
2,4
2,3
2,0
0,9
0,310
0,305
0,439
0,308
0,304
0,303
0,302
0,307
0,442
0,12
0,360
0,10
0,8
0,0
0,436
0,300
0,444
0,299
0,435
0,298
0,434
0,297
0,433
0,296
0,432
0,295
0,431
0,294
0,430
0,293
0,429
0,292
0,428
0,291
0,427
0,290
0,426
0,289
0,425
0,288
0,424
0,287
0,423
0,286
0,422
0,285
0,421
0,284
0,420
0,283
0,419
0,282
0,418
0,281
0,417
0,280
0,416
0,279
0,414
0,278
0,413
0,277
0,412
0,276
0,411
0,275
0,409
0,274
0,408
0,273
12,0
12,1
12,3
12,4
12,6
12,7
12,9
12,11
12,12
13,1
13,2
14,0
14,2
14,3
15,1
15,2
15,4
15,5
16,0
16,2
16,3
16,5
16,6
17,1
17,3
18,0
18,2
18,3
18,5
18,6
18,8
18,10
18,11
18,13
18,14
19,1
19,3
19,4
19,6
19,7
19,9
20,0
20,2
21,0
21,1
21,3
21,4
21,6
21,8
21,9
22,1
22,2
22,4
23,0
23,1
23,3
24,0
24,2
24,3
24,5
24,7
24,8
25,0
25,1
25,3
25,5
26,0
26,2
26,3
26,5
27,0
27,2
27,4
27,5
28,1
28,2
28,4
29,0
29,1
29,3
29,4
30,0
30,1
30,3
30,5
31,0
31,2
31,3
31,5
32,1
32,2
32,4
32,5
33,1
33,3
33,4
34,0
34,1
34,3
34,4
35,0
35,2
35,3
35,5
36,0
36,2
36,4
36,5
37,1
37,2
37,4
37,5
38,1
38,3
38,4
39,0
39,1
39,3
39,5
40,0
40,2
40,3
40,5
41,0
41,2
41,4
41,5
41,7
41,8
42,1
42,3
42,4
43,0
43,1
43,3
43,4
43,6
44,0
44,1
44,3
44,4
45,0
45,2
45,3
46,0
46,1
46,3
46,5
46,6
47,0
47,1
47,3
47,4
47,6
47,8
47,9
48,0
48,1
48,3
49,0
49,1
49,3
49,4
50,1
50,2
51,0
51,2
51,3
51,5
51,6
52,1
52,3
53,0
53,2
53,3
53,5
53,6
53,8
53,10
54,0
54,2
54,3
55,1
55,3
56,0
56,2
56,3
57,1
57,3
57,4
58,1
58,2
58,4
58,5
59,1
59,3
60,2
60,6
61,0
61,2
61,4
61,5
61,7
61,8
61,10
62,0
62,2
62,4
62,5
63,0
63,1
63,3
63,5
63,6
64,1
64,2
64,4
64,5
64,7
64,9
64,10
64,12
64,13
64,15
65,1
65,2
65,4
65,5
67,2
68,0
68,2
69,0
69,1
69,3
69,4
69,6
70,0
70,1
70,3
70,4
70,6
71,0
71,1
71,3
71,4
72,0
72,1
72,3
72,5
73,0
73,2
73,3
74,1
74,3
75,0
75,2
75,3
75,5
75,6
76,0
76,2
76,3
77,1
77,2
78,0
78,2
78,3
79,0
79,1
79,3
80,0
80,2
80,4
80,3
80,1
79,2
78,4
78,1
77,3
77,0
76,1
75,7
75,4
75,1
74,2
74,0
73,1
72,4
72,2
71,5
71,2
70,7
70,5
70,2
69,7
69,5
69,2
68,3
68,1
66,2
65,3
65,0
64,14
64,11
64,8
64,6
64,3
64,0
63,4
63,2
62,6
62,3
62,1
61,9
61,6
61,3
61,1
60,4
59,2
59,0
58,3
58,0
57,2
57,0
56,1
55,2
55,0
54,1
53,9
53,7
53,4
53,1
52,2
52,0
51,4
51,1
50,3
50,0
49,2
48,4
48,2
47,10
47,7
47,5
47,2
46,7
46,4
46,2
45,4
45,1
44,5
44,2
43,7
43,5
43,2
42,5
42,2
42,0
41,6
41,3
41,1
40,4
40,1
39,4
39,2
38,5
38,2
38,0
37,3
37,0
36,3
36,1
35,4
35,1
34,5
34,2
33,5
33,2
33,0
32,3
32,0
31,4
31,1
30,4
30,2
29,5
29,2
28,5
28,3
28,0
27,3
27,1
26,4
26,1
25,4
25,2
24,9
24,6
24,4
24,1
23,2
22,5
22,3
22,0
21,7
21,5
21,2
20,3
20,1
19,8
19,5
19,2
19,0
18,12
18,9
18,7
18,4
18,1
17,2
17,0
16,4
16,1
15,6
15,3
15,0
14,1
13,3
13,0
12,10
12,8
12,5
12,2
0,407
0,272
0,406
0,271
0,405
0,270
0,404
0,269
0,403
0,268
0,402
0,267
0,401
0,266
0,400
0,265
0,399
0,264
0,398
0,263
0,397
0,262
0,396
0,261
0,395
0,260
0,394
0,259
0,393
0,258
0,392
0,257
0,391
0,256
0,390
0,255
0,389
0,254
0,388
0,253
0,387
0,252
0,386
0,251
0,385
0,250
0,384
0,249
0,383
0,248
0,382
0,247
0,381
0,246
0,380
0,245
0,379
0,244
0,378
0,242
0,377
0,241
0,376
0,240
0,375
0,239
0,374
0,238
0,373
0,237
0,372
0,236
0,371
0,235
0,370
0,234
0,369
0,233
0,368
0,232
0,367
0,231
0,366
0,230
0,365
0,229
0,364
0,228
0,440
0,227
0,363
0,226
0,362
0,225
0,359
0,224
0,358
0,223
0,357
0,222
0,356
0,221
0,355
0,220
0,354
0,219
0,353
0,218
0,352
0,217
0,351
0,216
0,350
0,215
0,445
0,214
0,349
0,213
0,348
0,212
0,347
0,211
0,346
0,210
0,345
0,209
0,344
0,208
0,343
0,207
0,342
0,206
0,341
0,205
0,340
0,204
0,339
0,203
0,338
0,202
0,337
0,201
0,336
0,200
0,335
0,199
0,334
0,198
0,437
0,197
0,333
0,196
0,332
0,195
0,331
0,194
0,330
0,193
0,329
0,192
0,328
0,63
0,327
0,62
0,326
0,61
0,325
0,60
0,324
0,59
0,323
0,58
0,321
0,57
0,320
0,56
0,319
0,55
0,318
0,54
0,317
0,53
0,316
0,52
0,315
0,51
0,314
0,50
0,313
0,49
0,312
0,48
0,311
0,47
0,309
0,46
0,306
0,45
0,301
0,6
0,5
0,1
0,438
0,11
0,4
0,2
0,3
0,7
